{
 "cells": [
  {
   "cell_type": "code",
   "execution_count": 25,
   "id": "6c05e31f-404e-4169-a266-c838ad7968ca",
   "metadata": {},
   "outputs": [],
   "source": [
    "import numpy as np\n",
    "from sklearn.mixture import GaussianMixture\n",
    "from scipy.stats import multivariate_normal\n",
    "import matplotlib.pyplot as plt\n",
    "import pandas as pd\n",
    "import numpy as np\n",
    "from mpl_toolkits.mplot3d import Axes3D  # For 3D plotting\n",
    "from sklearn.metrics import silhouette_score\n",
    "from sklearn.preprocessing import MinMaxScaler\n",
    "from hmmlearn import hmm\n"
   ]
  },
  {
   "cell_type": "code",
   "execution_count": 26,
   "id": "8dbdea76-332b-40da-ae6f-0212e0d0220e",
   "metadata": {},
   "outputs": [],
   "source": [
    "\n",
    "freq_dict = {}\n",
    "freq_dict['gFreq'] = [177000000,266000000,350000000,420000000,480000000,600000000]\n",
    "freq_dict['mFreq'] = [165000000,206000000,275000000,413000000,543000000,633000000,728000000,825000000]#,933000000]\n",
    "freq_dict['sFreq'] = [200000,300000,400000,500000,600000,700000,800000,900000,1000000,1100000,1200000,1300000,1400000]\n",
    "freq_dict['bFreq'] = [200000,300000,400000,500000,600000,700000,800000,900000,1000000,1100000,1200000,1300000,1400000,1500000,1600000,1700000,1800000,1900000,2000000]\n",
    "# cost_list =['cCost','mCost','gCost']\n",
    "cFreq = 'bFreq'\n",
    "mFreq = 'mFreq'\n",
    "gFreq = 'gFreq'\n",
    "cUtil = 'bUtil'\n",
    "mUtil = 'mUtil'\n",
    "gUtil = 'gUtil'\n",
    "cCost = 'cCost'\n",
    "mCost = 'mCost'\n",
    "gCost = 'gCost'\n",
    "\n",
    "cost2FMap = {}\n",
    "cost2FMap['cCost'] = 'bFreq'\n",
    "cost2FMap['mCost'] = 'mFreq'\n",
    "cost2FMap['gCost'] = 'gFreq'\n",
    "\n",
    "def getExog(endog='cCost'):\n",
    "    cost_list =['cCost','mCost','gCost']\n",
    "    if endog not in cost_list:\n",
    "        print(\"Incorrect Value\")\n",
    "        return None,None\n",
    "    else:\n",
    "        my_list = []\n",
    "        for res in cost_list:\n",
    "            if res != endog:\n",
    "                my_list.append(res)\n",
    "        return my_list[0],my_list[1]\n"
   ]
  },
  {
   "cell_type": "code",
   "execution_count": 27,
   "id": "b2a6057a-d578-4bc0-87a9-9cfb12620274",
   "metadata": {},
   "outputs": [
    {
     "data": {
      "text/html": [
       "<div>\n",
       "<style scoped>\n",
       "    .dataframe tbody tr th:only-of-type {\n",
       "        vertical-align: middle;\n",
       "    }\n",
       "\n",
       "    .dataframe tbody tr th {\n",
       "        vertical-align: top;\n",
       "    }\n",
       "\n",
       "    .dataframe thead th {\n",
       "        text-align: right;\n",
       "    }\n",
       "</style>\n",
       "<table border=\"1\" class=\"dataframe\">\n",
       "  <thead>\n",
       "    <tr style=\"text-align: right;\">\n",
       "      <th></th>\n",
       "      <th>Time</th>\n",
       "      <th>sUtil</th>\n",
       "      <th>sFreq</th>\n",
       "      <th>bUtil</th>\n",
       "      <th>bFreq</th>\n",
       "      <th>mUtil</th>\n",
       "      <th>mFreq</th>\n",
       "    </tr>\n",
       "  </thead>\n",
       "  <tbody>\n",
       "    <tr>\n",
       "      <th>0</th>\n",
       "      <td>1.692295e+09</td>\n",
       "      <td>1</td>\n",
       "      <td>200000</td>\n",
       "      <td>8</td>\n",
       "      <td>300000</td>\n",
       "      <td>1</td>\n",
       "      <td>206000000</td>\n",
       "    </tr>\n",
       "    <tr>\n",
       "      <th>1</th>\n",
       "      <td>1.692295e+09</td>\n",
       "      <td>12</td>\n",
       "      <td>300000</td>\n",
       "      <td>24</td>\n",
       "      <td>600000</td>\n",
       "      <td>2</td>\n",
       "      <td>413000000</td>\n",
       "    </tr>\n",
       "    <tr>\n",
       "      <th>2</th>\n",
       "      <td>1.692295e+09</td>\n",
       "      <td>14</td>\n",
       "      <td>400000</td>\n",
       "      <td>24</td>\n",
       "      <td>600000</td>\n",
       "      <td>2</td>\n",
       "      <td>413000000</td>\n",
       "    </tr>\n",
       "    <tr>\n",
       "      <th>3</th>\n",
       "      <td>1.692295e+09</td>\n",
       "      <td>3</td>\n",
       "      <td>200000</td>\n",
       "      <td>7</td>\n",
       "      <td>300000</td>\n",
       "      <td>1</td>\n",
       "      <td>165000000</td>\n",
       "    </tr>\n",
       "    <tr>\n",
       "      <th>4</th>\n",
       "      <td>1.692295e+09</td>\n",
       "      <td>3</td>\n",
       "      <td>200000</td>\n",
       "      <td>19</td>\n",
       "      <td>500000</td>\n",
       "      <td>2</td>\n",
       "      <td>275000000</td>\n",
       "    </tr>\n",
       "    <tr>\n",
       "      <th>...</th>\n",
       "      <td>...</td>\n",
       "      <td>...</td>\n",
       "      <td>...</td>\n",
       "      <td>...</td>\n",
       "      <td>...</td>\n",
       "      <td>...</td>\n",
       "      <td>...</td>\n",
       "    </tr>\n",
       "    <tr>\n",
       "      <th>8555</th>\n",
       "      <td>1.692298e+09</td>\n",
       "      <td>4</td>\n",
       "      <td>200000</td>\n",
       "      <td>14</td>\n",
       "      <td>500000</td>\n",
       "      <td>1</td>\n",
       "      <td>206000000</td>\n",
       "    </tr>\n",
       "    <tr>\n",
       "      <th>8556</th>\n",
       "      <td>1.692298e+09</td>\n",
       "      <td>23</td>\n",
       "      <td>500000</td>\n",
       "      <td>10</td>\n",
       "      <td>400000</td>\n",
       "      <td>1</td>\n",
       "      <td>206000000</td>\n",
       "    </tr>\n",
       "    <tr>\n",
       "      <th>8557</th>\n",
       "      <td>1.692298e+09</td>\n",
       "      <td>23</td>\n",
       "      <td>500000</td>\n",
       "      <td>18</td>\n",
       "      <td>500000</td>\n",
       "      <td>2</td>\n",
       "      <td>275000000</td>\n",
       "    </tr>\n",
       "    <tr>\n",
       "      <th>8558</th>\n",
       "      <td>1.692298e+09</td>\n",
       "      <td>4</td>\n",
       "      <td>200000</td>\n",
       "      <td>14</td>\n",
       "      <td>500000</td>\n",
       "      <td>2</td>\n",
       "      <td>275000000</td>\n",
       "    </tr>\n",
       "    <tr>\n",
       "      <th>8559</th>\n",
       "      <td>1.692298e+09</td>\n",
       "      <td>20</td>\n",
       "      <td>400000</td>\n",
       "      <td>10</td>\n",
       "      <td>400000</td>\n",
       "      <td>1</td>\n",
       "      <td>206000000</td>\n",
       "    </tr>\n",
       "  </tbody>\n",
       "</table>\n",
       "<p>8560 rows × 7 columns</p>\n",
       "</div>"
      ],
      "text/plain": [
       "              Time  sUtil   sFreq  bUtil   bFreq  mUtil      mFreq\n",
       "0     1.692295e+09      1  200000      8  300000      1  206000000\n",
       "1     1.692295e+09     12  300000     24  600000      2  413000000\n",
       "2     1.692295e+09     14  400000     24  600000      2  413000000\n",
       "3     1.692295e+09      3  200000      7  300000      1  165000000\n",
       "4     1.692295e+09      3  200000     19  500000      2  275000000\n",
       "...            ...    ...     ...    ...     ...    ...        ...\n",
       "8555  1.692298e+09      4  200000     14  500000      1  206000000\n",
       "8556  1.692298e+09     23  500000     10  400000      1  206000000\n",
       "8557  1.692298e+09     23  500000     18  500000      2  275000000\n",
       "8558  1.692298e+09      4  200000     14  500000      2  275000000\n",
       "8559  1.692298e+09     20  400000     10  400000      1  206000000\n",
       "\n",
       "[8560 rows x 7 columns]"
      ]
     },
     "execution_count": 27,
     "metadata": {},
     "output_type": "execute_result"
    }
   ],
   "source": [
    "fileName = './UtilTestFinal'\n",
    "dataTest = pd.read_csv(fileName)\n",
    "dataTest"
   ]
  },
  {
   "cell_type": "code",
   "execution_count": 28,
   "id": "f770e26b-5149-4488-b0df-ae1c77bf52a9",
   "metadata": {},
   "outputs": [],
   "source": [
    "### Get the data from the files\n",
    "def extractDatafromFile(fileName='./UtilTestFinal',padding=0): ## Generally make the padding 0\n",
    "    new_data = pd.read_csv(fileName)\n",
    "    #### This part needs to be \n",
    "    if padding == 1:  # if there is not \n",
    "        new_data['cCost'] =  new_data['bUtil']*new_data['bFreq']/2000000\n",
    "        new_data['mCost'] = new_data['mUtil']*new_data['mFreq']/825000000\n",
    "        new_data['gCost'] = 0\n",
    "        new_data['gUtil'] = 0\n",
    "        new_data['gFreq'] = 600000000\n",
    "    elif padding == 2:  # if there is not \n",
    "        # new_data['cCost'] =  new_data['bUtil']*new_data['bFreq']/2000000\n",
    "        # new_data['mCost'] = new_data['mUtil']*new_data['mFreq']/825000000\n",
    "        new_data['gCost'] = new_data['gCost']*new_data['gFreq']/600000000\n",
    "        # new_data['gFreq'] = 600000000\n",
    "    elif padding == 3:  # if there is not \n",
    "        new_data['cCost'] =  new_data['bUtil']*new_data['bFreq']/2000000\n",
    "        new_data['mCost'] = new_data['mCost']*new_data['mFreq']/825000000\n",
    "        new_data['gCost'] = new_data['gCost']*new_data['gFreq']/600000000\n",
    "        new_data[['cCost','mCost','gCost']] = new_data[['cCost','mCost','gCost']].clip(0,100)\n",
    "    elif padding == 4:  # if there is not \n",
    "        new_data['cCost'] =  new_data['bUtil']*new_data['bFreq']/2000000\n",
    "        new_data['mUtil'] = new_data['mCost']\n",
    "        new_data['mCost'] = new_data['mCost']*new_data['mFreq']/825000000\n",
    "        new_data['gUtil'] = new_data['gCost']\n",
    "        new_data['gCost'] = new_data['gCost']*new_data['gFreq']/600000000\n",
    "        # new_data[['cCost','mCost','gCost']] = new_data[['cCost','mCost','gCost']].clip(0,100)\n",
    "        # new_data['gFreq'] = 600000000\n",
    "\n",
    "    return new_data\n",
    "\n"
   ]
  },
  {
   "cell_type": "code",
   "execution_count": 29,
   "id": "9066309f-c53f-41d5-a399-4006559ada62",
   "metadata": {},
   "outputs": [],
   "source": [
    "input_df = extractDatafromFile('./UtilTestFinal',1)\n"
   ]
  },
  {
   "cell_type": "code",
   "execution_count": 30,
   "id": "c37df6cf-f447-4572-ac27-7eef7e3b07f8",
   "metadata": {},
   "outputs": [
    {
     "data": {
      "text/html": [
       "<div>\n",
       "<style scoped>\n",
       "    .dataframe tbody tr th:only-of-type {\n",
       "        vertical-align: middle;\n",
       "    }\n",
       "\n",
       "    .dataframe tbody tr th {\n",
       "        vertical-align: top;\n",
       "    }\n",
       "\n",
       "    .dataframe thead th {\n",
       "        text-align: right;\n",
       "    }\n",
       "</style>\n",
       "<table border=\"1\" class=\"dataframe\">\n",
       "  <thead>\n",
       "    <tr style=\"text-align: right;\">\n",
       "      <th></th>\n",
       "      <th>Time</th>\n",
       "      <th>sUtil</th>\n",
       "      <th>sFreq</th>\n",
       "      <th>bUtil</th>\n",
       "      <th>bFreq</th>\n",
       "      <th>mUtil</th>\n",
       "      <th>mFreq</th>\n",
       "      <th>cCost</th>\n",
       "      <th>mCost</th>\n",
       "      <th>gCost</th>\n",
       "      <th>gUtil</th>\n",
       "      <th>gFreq</th>\n",
       "    </tr>\n",
       "  </thead>\n",
       "  <tbody>\n",
       "    <tr>\n",
       "      <th>0</th>\n",
       "      <td>1.692295e+09</td>\n",
       "      <td>1</td>\n",
       "      <td>200000</td>\n",
       "      <td>8</td>\n",
       "      <td>300000</td>\n",
       "      <td>1</td>\n",
       "      <td>206000000</td>\n",
       "      <td>1.20</td>\n",
       "      <td>0.249697</td>\n",
       "      <td>0</td>\n",
       "      <td>0</td>\n",
       "      <td>600000000</td>\n",
       "    </tr>\n",
       "    <tr>\n",
       "      <th>1</th>\n",
       "      <td>1.692295e+09</td>\n",
       "      <td>12</td>\n",
       "      <td>300000</td>\n",
       "      <td>24</td>\n",
       "      <td>600000</td>\n",
       "      <td>2</td>\n",
       "      <td>413000000</td>\n",
       "      <td>7.20</td>\n",
       "      <td>1.001212</td>\n",
       "      <td>0</td>\n",
       "      <td>0</td>\n",
       "      <td>600000000</td>\n",
       "    </tr>\n",
       "    <tr>\n",
       "      <th>2</th>\n",
       "      <td>1.692295e+09</td>\n",
       "      <td>14</td>\n",
       "      <td>400000</td>\n",
       "      <td>24</td>\n",
       "      <td>600000</td>\n",
       "      <td>2</td>\n",
       "      <td>413000000</td>\n",
       "      <td>7.20</td>\n",
       "      <td>1.001212</td>\n",
       "      <td>0</td>\n",
       "      <td>0</td>\n",
       "      <td>600000000</td>\n",
       "    </tr>\n",
       "    <tr>\n",
       "      <th>3</th>\n",
       "      <td>1.692295e+09</td>\n",
       "      <td>3</td>\n",
       "      <td>200000</td>\n",
       "      <td>7</td>\n",
       "      <td>300000</td>\n",
       "      <td>1</td>\n",
       "      <td>165000000</td>\n",
       "      <td>1.05</td>\n",
       "      <td>0.200000</td>\n",
       "      <td>0</td>\n",
       "      <td>0</td>\n",
       "      <td>600000000</td>\n",
       "    </tr>\n",
       "    <tr>\n",
       "      <th>4</th>\n",
       "      <td>1.692295e+09</td>\n",
       "      <td>3</td>\n",
       "      <td>200000</td>\n",
       "      <td>19</td>\n",
       "      <td>500000</td>\n",
       "      <td>2</td>\n",
       "      <td>275000000</td>\n",
       "      <td>4.75</td>\n",
       "      <td>0.666667</td>\n",
       "      <td>0</td>\n",
       "      <td>0</td>\n",
       "      <td>600000000</td>\n",
       "    </tr>\n",
       "    <tr>\n",
       "      <th>...</th>\n",
       "      <td>...</td>\n",
       "      <td>...</td>\n",
       "      <td>...</td>\n",
       "      <td>...</td>\n",
       "      <td>...</td>\n",
       "      <td>...</td>\n",
       "      <td>...</td>\n",
       "      <td>...</td>\n",
       "      <td>...</td>\n",
       "      <td>...</td>\n",
       "      <td>...</td>\n",
       "      <td>...</td>\n",
       "    </tr>\n",
       "    <tr>\n",
       "      <th>8555</th>\n",
       "      <td>1.692298e+09</td>\n",
       "      <td>4</td>\n",
       "      <td>200000</td>\n",
       "      <td>14</td>\n",
       "      <td>500000</td>\n",
       "      <td>1</td>\n",
       "      <td>206000000</td>\n",
       "      <td>3.50</td>\n",
       "      <td>0.249697</td>\n",
       "      <td>0</td>\n",
       "      <td>0</td>\n",
       "      <td>600000000</td>\n",
       "    </tr>\n",
       "    <tr>\n",
       "      <th>8556</th>\n",
       "      <td>1.692298e+09</td>\n",
       "      <td>23</td>\n",
       "      <td>500000</td>\n",
       "      <td>10</td>\n",
       "      <td>400000</td>\n",
       "      <td>1</td>\n",
       "      <td>206000000</td>\n",
       "      <td>2.00</td>\n",
       "      <td>0.249697</td>\n",
       "      <td>0</td>\n",
       "      <td>0</td>\n",
       "      <td>600000000</td>\n",
       "    </tr>\n",
       "    <tr>\n",
       "      <th>8557</th>\n",
       "      <td>1.692298e+09</td>\n",
       "      <td>23</td>\n",
       "      <td>500000</td>\n",
       "      <td>18</td>\n",
       "      <td>500000</td>\n",
       "      <td>2</td>\n",
       "      <td>275000000</td>\n",
       "      <td>4.50</td>\n",
       "      <td>0.666667</td>\n",
       "      <td>0</td>\n",
       "      <td>0</td>\n",
       "      <td>600000000</td>\n",
       "    </tr>\n",
       "    <tr>\n",
       "      <th>8558</th>\n",
       "      <td>1.692298e+09</td>\n",
       "      <td>4</td>\n",
       "      <td>200000</td>\n",
       "      <td>14</td>\n",
       "      <td>500000</td>\n",
       "      <td>2</td>\n",
       "      <td>275000000</td>\n",
       "      <td>3.50</td>\n",
       "      <td>0.666667</td>\n",
       "      <td>0</td>\n",
       "      <td>0</td>\n",
       "      <td>600000000</td>\n",
       "    </tr>\n",
       "    <tr>\n",
       "      <th>8559</th>\n",
       "      <td>1.692298e+09</td>\n",
       "      <td>20</td>\n",
       "      <td>400000</td>\n",
       "      <td>10</td>\n",
       "      <td>400000</td>\n",
       "      <td>1</td>\n",
       "      <td>206000000</td>\n",
       "      <td>2.00</td>\n",
       "      <td>0.249697</td>\n",
       "      <td>0</td>\n",
       "      <td>0</td>\n",
       "      <td>600000000</td>\n",
       "    </tr>\n",
       "  </tbody>\n",
       "</table>\n",
       "<p>8560 rows × 12 columns</p>\n",
       "</div>"
      ],
      "text/plain": [
       "              Time  sUtil   sFreq  bUtil   bFreq  mUtil      mFreq  cCost  \\\n",
       "0     1.692295e+09      1  200000      8  300000      1  206000000   1.20   \n",
       "1     1.692295e+09     12  300000     24  600000      2  413000000   7.20   \n",
       "2     1.692295e+09     14  400000     24  600000      2  413000000   7.20   \n",
       "3     1.692295e+09      3  200000      7  300000      1  165000000   1.05   \n",
       "4     1.692295e+09      3  200000     19  500000      2  275000000   4.75   \n",
       "...            ...    ...     ...    ...     ...    ...        ...    ...   \n",
       "8555  1.692298e+09      4  200000     14  500000      1  206000000   3.50   \n",
       "8556  1.692298e+09     23  500000     10  400000      1  206000000   2.00   \n",
       "8557  1.692298e+09     23  500000     18  500000      2  275000000   4.50   \n",
       "8558  1.692298e+09      4  200000     14  500000      2  275000000   3.50   \n",
       "8559  1.692298e+09     20  400000     10  400000      1  206000000   2.00   \n",
       "\n",
       "         mCost  gCost  gUtil      gFreq  \n",
       "0     0.249697      0      0  600000000  \n",
       "1     1.001212      0      0  600000000  \n",
       "2     1.001212      0      0  600000000  \n",
       "3     0.200000      0      0  600000000  \n",
       "4     0.666667      0      0  600000000  \n",
       "...        ...    ...    ...        ...  \n",
       "8555  0.249697      0      0  600000000  \n",
       "8556  0.249697      0      0  600000000  \n",
       "8557  0.666667      0      0  600000000  \n",
       "8558  0.666667      0      0  600000000  \n",
       "8559  0.249697      0      0  600000000  \n",
       "\n",
       "[8560 rows x 12 columns]"
      ]
     },
     "execution_count": 30,
     "metadata": {},
     "output_type": "execute_result"
    }
   ],
   "source": [
    "input_df"
   ]
  },
  {
   "cell_type": "code",
   "execution_count": 31,
   "id": "52f84fcd-6b04-49a4-bbca-057e95c3599e",
   "metadata": {},
   "outputs": [
    {
     "data": {
      "text/plain": [
       "array([206000000, 413000000, 165000000, 275000000, 543000000, 825000000])"
      ]
     },
     "execution_count": 31,
     "metadata": {},
     "output_type": "execute_result"
    }
   ],
   "source": [
    "input_df['mFreq'].unique()"
   ]
  },
  {
   "cell_type": "code",
   "execution_count": 32,
   "id": "e5a20074-f7d8-4aad-a39e-5486d69b60fe",
   "metadata": {},
   "outputs": [],
   "source": [
    "## We will create the cluster for the datapoints per point, not a list of points (like in the fuzzy cluster). \n",
    "## We can try that approach later\n",
    "def createDataSet(input_df,endog,scaler):\n",
    "    modified_df = pd.DataFrame()\n",
    "    # scaler = MinMaxScaler()\n",
    "    ## Get the exog values\n",
    "    exog,exog1 = getExog(endog)\n",
    "    modified_df[cFreq] = input_df[cFreq]\n",
    "    # modified_df[cUtil] = input_df[cUtil]\n",
    "    modified_df[cCost] = input_df[cCost]\n",
    "    modified_df[mFreq] =  input_df[mFreq]\n",
    "    # modified_df[mUtil] = input_df[mUtil]\n",
    "    modified_df[mCost] = input_df[mCost]\n",
    "    # modified_df[gFreq] =  input_df[gFreq]\n",
    "    # # modified_df[gUtil] = input_df[gUtil] \n",
    "    # modified_df[gCost] = input_df[gCost]\n",
    "    modified_df = modified_df.dropna()\n",
    "    modified_df[[cFreq,cCost,mFreq,mCost]] = scaler.fit_transform(modified_df[[cFreq,cCost,mFreq,mCost]])\n",
    "    return modified_df,scaler\n"
   ]
  },
  {
   "cell_type": "code",
   "execution_count": 33,
   "id": "ae4b1b1f-24e8-4324-842b-24a471444694",
   "metadata": {},
   "outputs": [],
   "source": [
    "myScaler = MinMaxScaler()\n",
    "clean_df,myScaler = createDataSet(input_df,'cCost',myScaler)"
   ]
  },
  {
   "cell_type": "code",
   "execution_count": 34,
   "id": "011be24b-2363-4e73-adac-fc66bd559a0f",
   "metadata": {},
   "outputs": [
    {
     "data": {
      "text/html": [
       "<div>\n",
       "<style scoped>\n",
       "    .dataframe tbody tr th:only-of-type {\n",
       "        vertical-align: middle;\n",
       "    }\n",
       "\n",
       "    .dataframe tbody tr th {\n",
       "        vertical-align: top;\n",
       "    }\n",
       "\n",
       "    .dataframe thead th {\n",
       "        text-align: right;\n",
       "    }\n",
       "</style>\n",
       "<table border=\"1\" class=\"dataframe\">\n",
       "  <thead>\n",
       "    <tr style=\"text-align: right;\">\n",
       "      <th></th>\n",
       "      <th>bFreq</th>\n",
       "      <th>cCost</th>\n",
       "      <th>mFreq</th>\n",
       "      <th>mCost</th>\n",
       "    </tr>\n",
       "  </thead>\n",
       "  <tbody>\n",
       "    <tr>\n",
       "      <th>0</th>\n",
       "      <td>0.000000</td>\n",
       "      <td>0.006036</td>\n",
       "      <td>0.062121</td>\n",
       "      <td>0.002153</td>\n",
       "    </tr>\n",
       "    <tr>\n",
       "      <th>1</th>\n",
       "      <td>0.176471</td>\n",
       "      <td>0.066398</td>\n",
       "      <td>0.375758</td>\n",
       "      <td>0.008631</td>\n",
       "    </tr>\n",
       "    <tr>\n",
       "      <th>2</th>\n",
       "      <td>0.176471</td>\n",
       "      <td>0.066398</td>\n",
       "      <td>0.375758</td>\n",
       "      <td>0.008631</td>\n",
       "    </tr>\n",
       "    <tr>\n",
       "      <th>3</th>\n",
       "      <td>0.000000</td>\n",
       "      <td>0.004527</td>\n",
       "      <td>0.000000</td>\n",
       "      <td>0.001724</td>\n",
       "    </tr>\n",
       "    <tr>\n",
       "      <th>4</th>\n",
       "      <td>0.117647</td>\n",
       "      <td>0.041751</td>\n",
       "      <td>0.166667</td>\n",
       "      <td>0.005747</td>\n",
       "    </tr>\n",
       "    <tr>\n",
       "      <th>...</th>\n",
       "      <td>...</td>\n",
       "      <td>...</td>\n",
       "      <td>...</td>\n",
       "      <td>...</td>\n",
       "    </tr>\n",
       "    <tr>\n",
       "      <th>8555</th>\n",
       "      <td>0.117647</td>\n",
       "      <td>0.029175</td>\n",
       "      <td>0.062121</td>\n",
       "      <td>0.002153</td>\n",
       "    </tr>\n",
       "    <tr>\n",
       "      <th>8556</th>\n",
       "      <td>0.058824</td>\n",
       "      <td>0.014085</td>\n",
       "      <td>0.062121</td>\n",
       "      <td>0.002153</td>\n",
       "    </tr>\n",
       "    <tr>\n",
       "      <th>8557</th>\n",
       "      <td>0.117647</td>\n",
       "      <td>0.039235</td>\n",
       "      <td>0.166667</td>\n",
       "      <td>0.005747</td>\n",
       "    </tr>\n",
       "    <tr>\n",
       "      <th>8558</th>\n",
       "      <td>0.117647</td>\n",
       "      <td>0.029175</td>\n",
       "      <td>0.166667</td>\n",
       "      <td>0.005747</td>\n",
       "    </tr>\n",
       "    <tr>\n",
       "      <th>8559</th>\n",
       "      <td>0.058824</td>\n",
       "      <td>0.014085</td>\n",
       "      <td>0.062121</td>\n",
       "      <td>0.002153</td>\n",
       "    </tr>\n",
       "  </tbody>\n",
       "</table>\n",
       "<p>8560 rows × 4 columns</p>\n",
       "</div>"
      ],
      "text/plain": [
       "         bFreq     cCost     mFreq     mCost\n",
       "0     0.000000  0.006036  0.062121  0.002153\n",
       "1     0.176471  0.066398  0.375758  0.008631\n",
       "2     0.176471  0.066398  0.375758  0.008631\n",
       "3     0.000000  0.004527  0.000000  0.001724\n",
       "4     0.117647  0.041751  0.166667  0.005747\n",
       "...        ...       ...       ...       ...\n",
       "8555  0.117647  0.029175  0.062121  0.002153\n",
       "8556  0.058824  0.014085  0.062121  0.002153\n",
       "8557  0.117647  0.039235  0.166667  0.005747\n",
       "8558  0.117647  0.029175  0.166667  0.005747\n",
       "8559  0.058824  0.014085  0.062121  0.002153\n",
       "\n",
       "[8560 rows x 4 columns]"
      ]
     },
     "execution_count": 34,
     "metadata": {},
     "output_type": "execute_result"
    }
   ],
   "source": [
    "clean_df"
   ]
  },
  {
   "cell_type": "code",
   "execution_count": 35,
   "id": "346f4ed3-a54f-4325-8d45-72dceb867a6e",
   "metadata": {},
   "outputs": [
    {
     "data": {
      "text/plain": [
       "array([[3.00000000e+05, 1.20000000e+00, 2.06000000e+08, 2.49696970e-01],\n",
       "       [6.00000000e+05, 7.20000000e+00, 4.13000000e+08, 1.00121212e+00],\n",
       "       [6.00000000e+05, 7.20000000e+00, 4.13000000e+08, 1.00121212e+00],\n",
       "       ...,\n",
       "       [5.00000000e+05, 4.50000000e+00, 2.75000000e+08, 6.66666667e-01],\n",
       "       [5.00000000e+05, 3.50000000e+00, 2.75000000e+08, 6.66666667e-01],\n",
       "       [4.00000000e+05, 2.00000000e+00, 2.06000000e+08, 2.49696970e-01]])"
      ]
     },
     "execution_count": 35,
     "metadata": {},
     "output_type": "execute_result"
    }
   ],
   "source": [
    "inv_scaler = myScaler.inverse_transform(clean_df)\n",
    "inv_scaler"
   ]
  },
  {
   "cell_type": "code",
   "execution_count": 36,
   "id": "2f3a43a8-ad25-4026-a4c6-14fe9d965a27",
   "metadata": {},
   "outputs": [
    {
     "data": {
      "text/plain": [
       "116.0"
      ]
     },
     "execution_count": 36,
     "metadata": {},
     "output_type": "execute_result"
    }
   ],
   "source": [
    "max(inv_scaler[:,3])"
   ]
  },
  {
   "cell_type": "code",
   "execution_count": 46,
   "id": "71b5c33a-adf9-4052-867b-6fa0b47d511b",
   "metadata": {},
   "outputs": [],
   "source": [
    "def getDataAsList(modified_df):\n",
    "    totalLen = len(modified_df)\n",
    "    if totalLen == 0:\n",
    "        print(\"Empty List\")\n",
    "        return []\n",
    "    data_list = modified_df.to_numpy()\n",
    "    return data_list"
   ]
  },
  {
   "cell_type": "code",
   "execution_count": 38,
   "id": "b7a78cd9-414b-4dd2-af27-89ed38c45c7c",
   "metadata": {},
   "outputs": [],
   "source": [
    "data_list = getDataAsList(clean_df)"
   ]
  },
  {
   "cell_type": "code",
   "execution_count": 39,
   "id": "3cdc61cc-1817-4c07-8169-b89e96c124cc",
   "metadata": {},
   "outputs": [
    {
     "data": {
      "text/plain": [
       "array([[0.        , 0.00603622, 0.06212121, 0.00215256],\n",
       "       [0.17647059, 0.06639839, 0.37575758, 0.00863114],\n",
       "       [0.17647059, 0.06639839, 0.37575758, 0.00863114],\n",
       "       ...,\n",
       "       [0.11764706, 0.03923541, 0.16666667, 0.00574713],\n",
       "       [0.11764706, 0.02917505, 0.16666667, 0.00574713],\n",
       "       [0.05882353, 0.01408451, 0.06212121, 0.00215256]])"
      ]
     },
     "execution_count": 39,
     "metadata": {},
     "output_type": "execute_result"
    }
   ],
   "source": [
    "data_list"
   ]
  },
  {
   "cell_type": "code",
   "execution_count": 40,
   "id": "64212fe9-f8a9-4e83-91a7-1b0a1b18d9ee",
   "metadata": {},
   "outputs": [
    {
     "name": "stdout",
     "output_type": "stream",
     "text": [
      "Num Cluster  2\n",
      "Means: [[0.10236591 0.03304628 0.36296316 0.03967584]\n",
      " [0.86446722 0.81484537 0.82365892 0.24668945]]\n",
      "Covariances: [[[ 0.00442361  0.00177611  0.01223372  0.00214946]\n",
      "  [ 0.00177611  0.00077346  0.00572032  0.00093315]\n",
      "  [ 0.01223372  0.00572032  0.15266971  0.0225682 ]\n",
      "  [ 0.00214946  0.00093315  0.0225682   0.00556554]]\n",
      "\n",
      " [[ 0.05645081  0.07548767 -0.00775635  0.01091393]\n",
      "  [ 0.07548767  0.10153055 -0.00999085  0.01475777]\n",
      "  [-0.00775635 -0.00999085  0.10069865  0.04193256]\n",
      "  [ 0.01091393  0.01475777  0.04193256  0.06656417]]]\n",
      "Silhouette Score2: 0.5859463950880632\n",
      "BIC Score2: -71767.611460134\n",
      "AIC Score2: -71972.20226873893\n",
      "\n",
      "\n",
      "\n",
      "Num Cluster  3\n",
      "Means: [[0.09173414 0.02924016 0.14173745 0.00481276]\n",
      " [0.99284117 0.98806316 0.79885191 0.26730277]\n",
      " [0.2370312  0.11452415 1.         0.15797593]]\n",
      "Covariances: [[[ 4.74614926e-03  2.40809039e-03  2.12629824e-03  7.30609636e-05]\n",
      "  [ 2.40809039e-03  1.39262205e-03  1.19885730e-03  4.16086840e-05]\n",
      "  [ 2.12629824e-03  1.19885730e-03  1.33998280e-02  4.02825235e-04]\n",
      "  [ 7.30609636e-05  4.16086840e-05  4.02825235e-04  1.47529503e-05]]\n",
      "\n",
      " [[ 1.61530161e-03  2.56362658e-03  2.56729773e-03  1.66483297e-03]\n",
      "  [ 2.56362658e-03  4.09072602e-03  4.18086480e-03  2.75232509e-03]\n",
      "  [ 2.56729773e-03  4.18086480e-03  1.10972055e-01  5.20049069e-02]\n",
      "  [ 1.66483297e-03  2.75232509e-03  5.20049069e-02  7.46015802e-02]]\n",
      "\n",
      " [[ 2.76549655e-02  1.88081450e-02 -1.01491492e-32  6.68093020e-03]\n",
      "  [ 1.88081450e-02  1.38384719e-02  4.96206943e-33  4.76194789e-03]\n",
      "  [-1.01491492e-32  4.96206943e-33  1.00000000e-06  1.53066223e-32]\n",
      "  [ 6.68093020e-03  4.76194789e-03  1.60645517e-32  1.65056209e-02]]]\n",
      "Silhouette Score3: 0.7349918059693396\n",
      "BIC Score3: -132220.34530618959\n",
      "AIC Score3: -132530.75894683157\n",
      "\n",
      "\n",
      "\n",
      "Num Cluster  4\n",
      "Means: [[0.0810797  0.02333438 0.13384662 0.00452715]\n",
      " [1.         0.99995896 1.         0.37418345]\n",
      " [0.23735979 0.11516584 1.         0.15899607]\n",
      " [0.83172205 0.77957963 0.32653259 0.01238455]]\n",
      "Covariances: [[[ 1.52928766e-03  4.48125373e-04  1.15049363e-04  1.48611149e-06]\n",
      "  [ 4.48125373e-04  1.50205316e-04  5.61779826e-05  1.12322799e-06]\n",
      "  [ 1.15049363e-04  5.61779826e-05  1.08871722e-02  3.04210400e-04]\n",
      "  [ 1.48611149e-06  1.12322799e-06  3.04210400e-04  1.07927436e-05]]\n",
      "\n",
      " [[ 1.00000000e-06  3.86245172e-31  3.69778549e-31  3.52759622e-31]\n",
      "  [ 3.86250424e-31  1.41117471e-06  4.63516368e-31  6.85115955e-06]\n",
      "  [ 3.69778549e-31  4.63516368e-31  1.00000000e-06  4.04382982e-31]\n",
      "  [ 3.54910596e-31  6.85115955e-06  4.04382982e-31  6.72809594e-02]]\n",
      "\n",
      " [[ 2.82231436e-02  1.95573020e-02  2.45334254e-32  7.26730130e-03]\n",
      "  [ 1.95573020e-02  1.47762236e-02  1.10699603e-32  5.34236378e-03]\n",
      "  [ 2.35855027e-32  1.10699603e-32  1.00000000e-06  3.28218249e-33]\n",
      "  [ 7.26730130e-03  5.34236378e-03  2.52384430e-33  1.66917395e-02]]\n",
      "\n",
      " [[ 7.75966556e-02  9.67010317e-02 -3.01324891e-03 -5.22942152e-05]\n",
      "  [ 9.67010317e-02  1.21825613e-01 -5.24955945e-03 -1.46264423e-04]\n",
      "  [-3.01324891e-03 -5.24955945e-03  4.97801622e-02  2.34835662e-03]\n",
      "  [-5.22942152e-05 -1.46264423e-04  2.34835662e-03  1.30848856e-04]]]\n",
      "Silhouette Score4: 0.7248963436864339\n",
      "BIC Score4: -178101.99517398296\n",
      "AIC Score4: -178518.23164666197\n",
      "\n",
      "\n",
      "\n"
     ]
    }
   ],
   "source": [
    "## Modeling the GMM\n",
    "X = data_list\n",
    "for i in range(2,5):\n",
    "    print(\"Num Cluster \",i)    \n",
    "    gmm = GaussianMixture(n_components=i, random_state=0)\n",
    "    gmm.fit(X)\n",
    "    labels = gmm.predict(X)\n",
    "    means = gmm.means_\n",
    "    covariances = gmm.covariances_\n",
    "    \n",
    "    print(\"Means:\", means)\n",
    "    print(\"Covariances:\", covariances)\n",
    "    \n",
    "    score = silhouette_score(X, labels)\n",
    "    print(f\"Silhouette Score{i}:\", score)\n",
    "    score =  gmm.bic(X)\n",
    "    print(f\"BIC Score{i}:\", score)\n",
    "    score =  gmm.aic(X)\n",
    "    print(f\"AIC Score{i}:\", score)\n",
    "    print(\"\\n\\n\")"
   ]
  },
  {
   "cell_type": "markdown",
   "id": "5fbabff9-fb51-4e1d-8886-8a71f67017ff",
   "metadata": {},
   "source": [
    "# Make HMM based clustering, especially on the time-series data."
   ]
  },
  {
   "cell_type": "code",
   "execution_count": 43,
   "id": "9c6b6ab7-1f35-48b6-b6f6-89a5930078e8",
   "metadata": {},
   "outputs": [
    {
     "name": "stdout",
     "output_type": "stream",
     "text": [
      "[[1.26889985e-01 3.44992922e-03 8.69660081e-01 4.73409423e-09]\n",
      " [1.81463171e-01 1.68508137e-01 5.58891420e-05 6.49972803e-01]\n",
      " [3.72172710e-01 2.44596525e-08 9.08290033e-03 6.18744365e-01]\n",
      " [1.57733549e-01 6.04147427e-01 1.41071000e-01 9.70480249e-02]]\n",
      "[[-6.03520460e-01 -6.17501799e-01  5.87160673e-01  2.63446704e-01]\n",
      " [ 1.68128167e-04  5.46328854e-01  6.16872660e-01 -8.60767992e-01]\n",
      " [-2.61199264e-01 -5.89251326e-02 -7.04173602e-01  3.50764797e-01]\n",
      " [ 7.10767713e-01  3.54110742e-02 -3.66212130e-01  3.16693864e-01]]\n",
      "[[[ 0.83299887 -0.34850399 -0.15839376  0.18777993]\n",
      "  [-0.34850399  0.62868615  0.49034239 -0.09362078]\n",
      "  [-0.15839376  0.49034239  0.66623463 -0.1976688 ]\n",
      "  [ 0.18777993 -0.09362078 -0.1976688   0.36793411]]\n",
      "\n",
      " [[ 1.26297768 -0.01390379  0.3607249   0.19604029]\n",
      "  [-0.01390379  0.76664516  0.09934987  0.5415423 ]\n",
      "  [ 0.3607249   0.09934987  0.47700835 -0.19291426]\n",
      "  [ 0.19604029  0.5415423  -0.19291426  1.30522483]]\n",
      "\n",
      " [[ 1.2665317  -0.48455968  0.4633788   0.10354691]\n",
      "  [-0.48455968  0.69099042 -0.12696888 -0.00778612]\n",
      "  [ 0.4633788  -0.12696888  1.65655686  0.46266966]\n",
      "  [ 0.10354691 -0.00778612  0.46266966  0.57086612]]\n",
      "\n",
      " [[ 1.02320903  0.38912933 -0.25683735  0.25064688]\n",
      "  [ 0.38912933  1.01827457 -0.41338608  0.1359357 ]\n",
      "  [-0.25683735 -0.41338608  0.53218456 -0.02709113]\n",
      "  [ 0.25064688  0.1359357  -0.02709113  0.90620228]]]\n"
     ]
    }
   ],
   "source": [
    "# Generate some sample multivariate data\n",
    "data = np.random.randn(100, 4)\n",
    "\n",
    "# Create a Gaussian HMM with 2 states\n",
    "model = hmm.GaussianHMM(n_components=4,covariance_type=\"full\")\n",
    "\n",
    "# Fit the model to the data\n",
    "model.fit(data)\n",
    "\n",
    "print(model.transmat_)\n",
    "print(model.means_)\n",
    "print(model.covars_)\n",
    "# Predict the hidden states\n",
    "hidden_states = model.predict(data)"
   ]
  },
  {
   "cell_type": "code",
   "execution_count": 44,
   "id": "f8f7dae1-864a-4099-a0ce-8ebebe0150ba",
   "metadata": {},
   "outputs": [
    {
     "data": {
      "text/plain": [
       "array([2, 3, 1, 3, 1, 3, 0, 2, 3, 3, 1, 3, 1, 0, 2, 3, 1, 0, 2, 0, 2, 3,\n",
       "       1, 1, 3, 3, 2, 0, 2, 0, 2, 0, 0, 0, 2, 0, 2, 0, 2, 0, 2, 0, 0, 2,\n",
       "       0, 2, 3, 1, 3, 1, 0, 2, 3, 1, 3, 1, 3, 1, 3, 1, 3, 1, 1, 3, 1, 3,\n",
       "       1, 1, 3, 1, 1, 3, 1, 0, 2, 3, 0, 2, 3, 2, 0, 2, 0, 0, 2, 3, 1, 3,\n",
       "       0, 2, 3, 1, 3, 1, 1, 3, 2, 3, 0, 2])"
      ]
     },
     "execution_count": 44,
     "metadata": {},
     "output_type": "execute_result"
    }
   ],
   "source": [
    "hidden_states"
   ]
  },
  {
   "cell_type": "code",
   "execution_count": 45,
   "id": "e3a42919-0fdc-4a17-a726-9d8ec67ebc59",
   "metadata": {},
   "outputs": [
    {
     "data": {
      "text/plain": [
       "array([[1.61659210e-35, 4.33782145e-10, 1.00000000e+00, 2.35559744e-15],\n",
       "       [7.94683881e-11, 4.86457356e-10, 1.64080771e-04, 9.99835919e-01],\n",
       "       [3.78029100e-04, 9.80577978e-01, 3.69449518e-03, 1.53494982e-02],\n",
       "       [6.66867559e-06, 3.85172781e-02, 1.62789206e-03, 9.59848161e-01],\n",
       "       [8.94384188e-06, 8.83311538e-01, 8.22594476e-02, 3.44200708e-02],\n",
       "       [8.41796222e-02, 2.23097174e-03, 7.23688725e-04, 9.12865717e-01],\n",
       "       [9.75725049e-01, 2.70979691e-04, 8.12151231e-03, 1.58824591e-02],\n",
       "       [9.20640038e-03, 4.40768920e-06, 9.88328461e-01, 2.46073103e-03],\n",
       "       [6.17938911e-05, 2.21435870e-04, 4.42528072e-02, 9.55463963e-01],\n",
       "       [8.59885113e-12, 6.21882547e-03, 8.80377343e-04, 9.92900797e-01],\n",
       "       [2.19596785e-07, 9.26254294e-01, 7.31467629e-02, 5.98723911e-04],\n",
       "       [1.65500699e-13, 1.85133142e-03, 1.28325588e-05, 9.98135836e-01],\n",
       "       [1.25841346e-05, 9.71234931e-01, 7.02332457e-04, 2.80501526e-02],\n",
       "       [9.86838711e-01, 5.25643630e-07, 7.46719514e-06, 1.31532957e-02],\n",
       "       [2.03325363e-04, 8.66267023e-04, 9.98859153e-01, 7.12543271e-05],\n",
       "       [1.42879608e-08, 4.45059347e-05, 3.18332905e-04, 9.99637147e-01],\n",
       "       [1.09281426e-03, 7.03387405e-01, 2.87723875e-01, 7.79590622e-03],\n",
       "       [9.90751567e-01, 7.07851464e-08, 1.13314060e-04, 9.13504862e-03],\n",
       "       [1.43526255e-11, 1.22110853e-03, 9.98778807e-01, 8.41985009e-08],\n",
       "       [8.81973861e-01, 1.38455732e-06, 3.46953348e-04, 1.17677801e-01],\n",
       "       [1.24210830e-06, 1.03397737e-01, 8.92694199e-01, 3.90682164e-03],\n",
       "       [2.02023549e-15, 3.59251893e-03, 1.06010352e-05, 9.96396880e-01],\n",
       "       [4.80525788e-05, 9.89192817e-01, 4.82238327e-03, 5.93674764e-03],\n",
       "       [3.98884203e-07, 6.99935435e-01, 2.87845841e-03, 2.97185707e-01],\n",
       "       [4.97813450e-34, 2.97239590e-05, 8.69608107e-03, 9.91274195e-01],\n",
       "       [8.22710627e-34, 3.76635256e-08, 1.78635470e-04, 9.99821327e-01],\n",
       "       [6.27173630e-19, 4.81319947e-05, 9.45035660e-01, 5.49162080e-02],\n",
       "       [9.42440747e-01, 3.41196694e-04, 4.24929775e-03, 5.29687588e-02],\n",
       "       [6.41486453e-06, 2.22325190e-02, 9.63914620e-01, 1.38464464e-02],\n",
       "       [8.50582214e-01, 7.44356622e-04, 1.34121662e-04, 1.48539308e-01],\n",
       "       [2.64517288e-06, 7.60680179e-02, 9.20288225e-01, 3.64111215e-03],\n",
       "       [5.62929385e-01, 1.42622768e-06, 4.54918742e-03, 4.32520002e-01],\n",
       "       [8.72212343e-01, 6.08461853e-02, 6.30768625e-02, 3.86460882e-03],\n",
       "       [9.20368813e-01, 4.09550140e-05, 5.86170044e-02, 2.09732272e-02],\n",
       "       [1.76650639e-07, 1.59327156e-03, 9.59193309e-01, 3.92132430e-02],\n",
       "       [9.61683885e-01, 6.95554715e-06, 5.38175924e-04, 3.77709832e-02],\n",
       "       [4.91538266e-03, 1.15558547e-04, 9.94677699e-01, 2.91359353e-04],\n",
       "       [3.95781380e-01, 3.01752118e-09, 2.08242977e-02, 5.83394319e-01],\n",
       "       [1.55844133e-01, 8.42825521e-03, 6.59034202e-01, 1.76693409e-01],\n",
       "       [6.17905554e-01, 9.30861251e-04, 1.64951634e-01, 2.16211950e-01],\n",
       "       [5.49133536e-01, 4.38806685e-05, 4.22721227e-01, 2.81013561e-02],\n",
       "       [5.78441009e-01, 1.08801928e-04, 3.83743949e-01, 3.77062399e-02],\n",
       "       [9.99388123e-01, 2.08310042e-05, 3.37565442e-04, 2.53480531e-04],\n",
       "       [2.83160642e-03, 3.22235638e-03, 9.93616771e-01, 3.29266469e-04],\n",
       "       [9.99101260e-01, 8.89508430e-08, 3.54441714e-04, 5.44209812e-04],\n",
       "       [3.18635889e-04, 4.64920917e-08, 9.99369234e-01, 3.12083779e-04],\n",
